Generation	Ne	Frequency	WT	HET	HOM	Replicate
58000	34039	0.160434	23992	9172	875	1
58001	34039	0.161462	23918	9250	871	1
58002	17263	0.167497	11968	4807	488	1
58003	17325	0.172583	11867	4936	522	1
58004	17281	0.181731	11563	5155	563	1
58005	17350	0.189683	11391	5336	623	1
58006	34039	0.188857	22397	10427	1215	1
58007	34039	0.190664	22299	10500	1240	1
58008	34039	0.190649	22253	10593	1193	1
58009	34039	0.192808	22119	10714	1206	1
58010	34039	0.190311	22316	10490	1233	1
58011	34039	0.191016	22263	10548	1228	1
58012	34039	0.193322	22136	10645	1258	1
58013	34039	0.192588	22160	10647	1232	1
58014	34039	0.191986	22291	10426	1322	1
58015	34039	0.191663	22253	10524	1262	1
58016	34039	0.193337	22144	10628	1267	1
58000	34039	0.160434	23992	9172	875	2
58001	34039	0.161506	23940	9203	896	2
58002	17062	0.168796	11801	4762	499	2
58003	17411	0.176239	11819	5047	545	2
58004	17332	0.184543	11536	5195	601	2
58005	17297	0.19275	11286	5354	657	2
58006	34039	0.194424	22104	10634	1301	2
58007	34039	0.192896	22176	10594	1269	2
58008	34039	0.194439	22076	10689	1274	2
58009	34039	0.194571	22075	10682	1282	2
58010	34039	0.193043	22128	10680	1231	2
58011	34039	0.192235	22211	10569	1259	2
58012	34039	0.190267	22295	10535	1209	2
58013	34039	0.192221	22179	10634	1226	2
58014	34039	0.192647	22175	10613	1251	2
58015	34039	0.189298	22378	10435	1226	2
58016	34039	0.18918	22360	10479	1200	2
58000	34039	0.160434	23992	9172	875	3
58001	34039	0.160301	23994	9177	868	3
58002	17254	0.167381	11963	4806	485	3
58003	17234	0.170796	11853	4875	506	3
58004	17331	0.180659	11619	5162	550	3
58005	17431	0.188142	11495	5313	623	3
58006	34039	0.188754	22416	10396	1227	3
58007	34039	0.188519	22433	10378	1228	3
58008	34039	0.18893	22387	10442	1210	3
58009	34039	0.189283	22286	10620	1133	3
58010	34039	0.189415	22402	10379	1258	3
58011	34039	0.189474	22371	10437	1231	3
58012	34039	0.191339	22229	10594	1216	3
58013	34039	0.191765	22171	10681	1187	3
58014	34039	0.194145	22113	10635	1291	3
58015	34039	0.196099	21991	10746	1302	3
58016	34039	0.195658	22033	10692	1314	3
58000	34039	0.160434	23992	9172	875	4
58001	34039	0.160316	23981	9202	856	4
58002	17442	0.170135	11990	4969	483	4
58003	17352	0.176608	11762	5051	539	4
58004	17339	0.186026	11464	5299	576	4
58005	17333	0.192638	11296	5396	641	4
58006	34039	0.190458	22328	10456	1255	4
58007	34039	0.192882	22216	10515	1308	4
58008	34039	0.194424	22101	10640	1298	4
58009	34039	0.196069	22056	10618	1365	4
58010	34039	0.199506	21856	10784	1399	4
58011	34039	0.199271	21820	10872	1347	4
58012	34039	0.1977	21968	10683	1388	4
58013	34039	0.198684	21840	10872	1327	4
58014	34039	0.200138	21807	10839	1393	4
58015	34039	0.200402	21738	10959	1342	4
58016	34039	0.200285	21784	10875	1380	4
58000	34039	0.160434	23992	9172	875	5
58001	34039	0.1592	24051	9138	850	5
58002	17427	0.163482	12210	4736	481	5
58003	17209	0.169591	11854	4873	482	5
58004	17359	0.177746	11750	5047	562	5
58005	17533	0.186705	11554	5411	568	5
58006	34039	0.185713	22625	10185	1229	5
58007	34039	0.185772	22549	10333	1157	5
58008	34039	0.185229	22610	10248	1181	5
58009	34039	0.186169	22566	10272	1201	5
58010	34039	0.186903	22469	10416	1154	5
58011	34039	0.187403	22433	10454	1152	5
58012	34039	0.187373	22453	10416	1170	5
58013	34039	0.186389	22503	10383	1153	5
58014	34039	0.188196	22448	10370	1221	5
58015	34039	0.186536	22535	10309	1195	5
58016	34039	0.186683	22509	10351	1179	5
58000	34039	0.160434	23992	9172	875	6
58001	34039	0.159978	24038	9111	890	6
58002	17462	0.169053	12053	4914	495	6
58003	17261	0.176496	11704	5021	536	6
58004	17428	0.183383	11618	5228	582	6
58005	17367	0.193902	11288	5423	656	6
58006	34039	0.193381	22133	10647	1259	6
58007	34039	0.196378	22014	10681	1344	6
58008	34039	0.195834	22012	10722	1305	6
58009	34039	0.196848	21925	10827	1287	6
58010	34039	0.196716	21946	10794	1299	6
58011	34039	0.195394	22075	10626	1338	6
58012	34039	0.195731	22027	10699	1313	6
58013	34039	0.199506	21784	10928	1327	6
58014	34039	0.201607	21673	11007	1359	6
58015	34039	0.198581	21831	10897	1311	6
58016	34039	0.197979	21851	10898	1290	6
58000	34039	0.160434	23992	9172	875	7
58001	34039	0.15801	24160	9001	878	7
58002	17355	0.160847	12207	4713	435	7
58003	17193	0.168906	11882	4814	497	7
58004	17246	0.176911	11694	5002	550	7
58005	17353	0.187345	11446	5312	595	7
58006	34039	0.185287	22583	10298	1158	7
58007	34039	0.185816	22591	10246	1202	7
58008	34039	0.186521	22585	10210	1244	7
58009	34039	0.181307	22856	10023	1160	7
58010	34039	0.182923	22738	10149	1152	7
58011	34039	0.182732	22774	10090	1175	7
58012	34039	0.184259	22670	10194	1175	7
58013	34039	0.187168	22524	10288	1227	7
58014	34039	0.18799	22510	10260	1269	7
58015	34039	0.188592	22451	10337	1251	7
58016	34039	0.188211	22390	10485	1164	7
58000	34039	0.160434	23992	9172	875	8
58001	34039	0.159802	24048	9103	888	8
58002	17447	0.165329	12152	4821	474	8
58003	17248	0.17202	11838	4886	524	8
58004	17358	0.182682	11585	5204	569	8
58005	17226	0.1916	11242	5367	617	8
58006	34039	0.19109	22318	10433	1288	8
58007	34039	0.192088	22250	10501	1288	8
58008	34039	0.192838	22163	10624	1252	8
58009	34039	0.190752	22309	10474	1256	8
58010	34039	0.191339	22278	10496	1265	8
58011	34039	0.192147	22165	10667	1207	8
58012	34039	0.196774	21990	10702	1347	8
58013	34039	0.19413	22072	10718	1249	8
58014	34039	0.193601	22101	10696	1242	8
58015	34039	0.194703	22105	10613	1321	8
58016	34039	0.193543	22076	10750	1213	8
58000	34039	0.160434	23992	9172	875	9
58001	34039	0.156071	24235	8983	821	9
58002	17413	0.164647	12156	4780	477	9
58003	17215	0.171856	11810	4893	512	9
58004	17356	0.181753	11647	5109	600	9
58005	17362	0.187939	11444	5310	608	9
58006	34039	0.187285	22506	10316	1217	9
58007	34039	0.188783	22420	10386	1233	9
58008	34039	0.19034	22288	10544	1207	9
58009	34039	0.190913	22293	10495	1251	9
58010	34039	0.19034	22321	10478	1240	9
58011	34039	0.19059	22304	10495	1240	9
58012	34039	0.193499	22132	10641	1266	9
58013	34039	0.196319	21929	10855	1255	9
58014	34039	0.195144	22099	10595	1345	9
58015	34039	0.195247	22034	10718	1287	9
58016	34039	0.194262	22106	10641	1292	9
58000	34039	0.160434	23992	9172	875	10
58001	34039	0.162475	23853	9311	875	10
58002	17149	0.170476	11823	4805	521	10
58003	17332	0.182322	11601	5142	589	10
58004	17260	0.192149	11262	5363	635	10
58005	17242	0.202703	10944	5606	692	10
58006	34039	0.202092	21691	10938	1410	10
58007	34039	0.202635	21652	10979	1408	10
58008	34039	0.204207	21543	11090	1406	10
58009	34039	0.204868	21526	11079	1434	10
58010	34039	0.205088	21529	11058	1452	10
58011	34039	0.207248	21443	11083	1513	10
58012	34039	0.20832	21311	11274	1454	10
58013	34039	0.210009	21268	11245	1526	10
58014	34039	0.210053	21241	11296	1502	10
58015	34039	0.209128	21323	11195	1521	10
58016	34039	0.21211	21142	11354	1543	10
