Generation	Ne	Frequency	WT	HET	HOM	Replicate
58000	34039	0.160434	23992	9172	875	1
58001	34039	0.161388	23938	9215	886	1
58002	20469	0.163662	14328	5582	559	1
58003	16473	0.162387	11555	4486	432	1
58004	15083	0.163429	10561	4114	408	1
58005	14478	0.165113	10137	3901	440	1
58006	34039	0.164429	23744	9396	899	1
58007	34039	0.163753	23810	9310	919	1
58008	34039	0.162696	23847	9308	884	1
58009	34039	0.162152	23906	9227	906	1
58010	34039	0.164326	23760	9371	908	1
58011	34039	0.161991	23883	9284	872	1
58012	34039	0.160771	23979	9175	885	1
58013	34039	0.161006	23964	9189	886	1
58014	34039	0.161565	23947	9185	907	1
58015	34039	0.159934	24018	9154	867	1
58016	34039	0.158553	24106	9072	861	1
58000	34039	0.160434	23992	9172	875	2
58001	34039	0.159405	24046	9134	859	2
58002	20189	0.159344	14253	5438	498	2
58003	16426	0.159199	11586	4450	390	2
58004	15178	0.155554	10821	3992	365	2
58005	14648	0.15538	10469	3806	373	2
58006	34039	0.155527	24248	8994	797	2
58007	34039	0.153324	24391	8858	790	2
58008	34039	0.153133	24455	8743	841	2
58009	34039	0.15281	24429	8817	793	2
58010	34039	0.151855	24492	8756	791	2
58011	34039	0.153897	24403	8795	841	2
58012	34039	0.155146	24299	8918	822	2
58013	34039	0.15472	24334	8877	828	2
58014	34039	0.150563	24580	8668	791	2
58015	34039	0.15043	24560	8717	762	2
58016	34039	0.151973	24462	8808	769	2
58000	34039	0.160434	23992	9172	875	3
58001	34039	0.161506	23952	9179	908	3
58002	20193	0.164092	14105	5549	539	3
58003	16429	0.16553	11447	4525	457	3
58004	15126	0.16313	10595	4127	404	3
58005	14816	0.16246	10396	4026	394	3
58006	34039	0.16274	23890	9219	930	3
58007	34039	0.16296	23863	9258	918	3
58008	34039	0.159802	24013	9173	853	3
58009	34039	0.160507	24053	9045	941	3
58010	34039	0.160654	23990	9161	888	3
58011	34039	0.159009	24100	9053	886	3
58012	34039	0.159538	24034	9149	856	3
58013	34039	0.160713	23991	9155	893	3
58014	34039	0.160683	23989	9161	889	3
58015	34039	0.160419	24008	9141	890	3
58016	34039	0.160948	23959	9203	877	3
58000	34039	0.160434	23992	9172	875	4
58001	34039	0.160816	23953	9224	862	4
58002	20431	0.158509	14479	5427	525	4
58003	16472	0.160424	11568	4523	381	4
58004	15135	0.160126	10627	4169	339	4
58005	14729	0.156664	10472	3899	358	4
58006	34039	0.15541	24307	8884	848	4
58007	34039	0.155924	24270	8923	846	4
58008	34039	0.155586	24295	8896	848	4
58009	34039	0.156761	24197	9012	830	4
58010	34039	0.155175	24317	8880	842	4
58011	34039	0.154852	24343	8850	846	4
58012	34039	0.156673	24181	9050	808	4
58013	34039	0.157746	24108	9123	808	4
58014	34039	0.15704	24174	9039	826	4
58015	34039	0.157481	24170	9017	852	4
58016	34039	0.155733	24285	8906	848	4
58000	34039	0.160434	23992	9172	875	5
58001	34039	0.161667	23923	9226	890	5
58002	20218	0.161984	14166	5554	498	5
58003	16192	0.160419	11402	4385	405	5
58004	15077	0.160642	10620	4070	387	5
58005	14657	0.160981	10320	3955	382	5
58006	34039	0.162005	23930	9189	920	5
58007	34039	0.161932	23900	9254	885	5
58008	34039	0.162843	23853	9286	900	5
58009	34039	0.162461	23901	9216	922	5
58010	34039	0.164561	23774	9327	938	5
58011	34039	0.16368	23806	9323	910	5
58012	34039	0.164752	23765	9332	942	5
58013	34039	0.163562	23835	9273	931	5
58014	34039	0.162314	23876	9276	887	5
58015	34039	0.161785	23920	9224	895	5
58016	34039	0.160228	23991	9188	860	5
58000	34039	0.160434	23992	9172	875	6
58001	34039	0.159317	24070	9092	877	6
58002	20468	0.16069	14421	5516	531	6
58003	16407	0.159292	11612	4363	432	6
58004	15288	0.158915	10797	4123	368	6
58005	14873	0.15824	10538	3963	372	6
58006	34039	0.155998	24277	8904	858	6
58007	34039	0.156306	24199	9039	801	6
58008	34039	0.157026	24205	8978	856	6
58009	34039	0.157085	24198	8988	853	6
58010	34039	0.157378	24182	9000	857	6
58011	34039	0.157055	24170	9046	823	6
58012	34039	0.1561	24228	8995	816	6
58013	34039	0.155219	24280	8951	808	6
58014	34039	0.154514	24313	8933	793	6
58015	34039	0.155748	24305	8865	869	6
58016	34039	0.153442	24419	8794	826	6
58000	34039	0.160434	23992	9172	875	7
58001	34039	0.158083	24102	9112	825	7
58002	20530	0.157306	14561	5479	490	7
58003	16406	0.15665	11666	4340	400	7
58004	15225	0.156782	10811	4054	360	7
58005	14917	0.1566	10598	3966	353	7
58006	34039	0.155586	24337	8812	890	7
58007	34039	0.155116	24243	9032	764	7
58008	34039	0.156482	24207	9011	821	7
58009	34039	0.157334	24140	9087	812	7
58010	34039	0.158686	24069	9137	833	7
58011	34039	0.158348	24118	9062	859	7
58012	34039	0.155469	24337	8820	882	7
58013	34039	0.154837	24280	8977	782	7
58014	34039	0.154837	24314	8909	816	7
58015	34039	0.153089	24375	8906	758	7
58016	34039	0.151209	24492	8800	747	7
58000	34039	0.160434	23992	9172	875	8
58001	34039	0.158465	24103	9084	852	8
58002	20297	0.157634	14422	5351	524	8
58003	16307	0.156007	11631	4264	412	8
58004	15288	0.152047	10998	3931	359	8
58005	14849	0.149909	10732	3782	335	8
58006	34039	0.149975	24601	8666	772	8
58007	34039	0.151561	24486	8788	765	8
58008	34039	0.152722	24420	8841	778	8
58009	34039	0.151885	24497	8744	798	8
58010	34039	0.152839	24431	8811	797	8
58011	34039	0.152913	24398	8872	769	8
58012	34039	0.15328	24430	8783	826	8
58013	34039	0.154705	24316	8914	809	8
58014	34039	0.154984	24306	8915	818	8
58015	34039	0.154044	24378	8835	826	8
58016	34039	0.155234	24255	9000	784	8
58000	34039	0.160434	23992	9172	875	9
58001	34039	0.159861	24063	9069	907	9
58002	20144	0.159799	14212	5426	506	9
58003	16220	0.162885	11374	4408	438	9
58004	15147	0.162672	10601	4164	382	9
58005	14676	0.158388	10395	3913	368	9
58006	34039	0.158333	24119	9061	859	9
58007	34039	0.157202	24155	9066	818	9
58008	34039	0.157452	24173	9013	853	9
58009	34039	0.158083	24119	9078	842	9
58010	34039	0.160683	23941	9257	841	9
58011	34039	0.161535	23931	9219	889	9
58012	34039	0.160669	23952	9236	851	9
58013	34039	0.159699	24018	9170	851	9
58014	34039	0.158744	24073	9125	841	9
58015	34039	0.157731	24156	9028	855	9
58016	34039	0.1566	24208	9001	830	9
58000	34039	0.160434	23992	9172	875	10
58001	34039	0.157922	24144	9039	856	10
58002	20640	0.160199	14572	5523	545	10
58003	16466	0.160634	11614	4414	438	10
58004	15159	0.1604	10661	4133	365	10
58005	14782	0.160668	10422	3970	390	10
58006	34039	0.158671	24086	9104	849	10
58007	34039	0.158465	24127	9036	876	10
58008	34039	0.159229	24036	9166	837	10
58009	34039	0.159361	24052	9125	862	10
58010	34039	0.158686	24122	9031	886	10
58011	34039	0.157878	24145	9040	854	10
58012	34039	0.159714	24061	9083	895	10
58013	34039	0.158965	24061	9134	844	10
58014	34039	0.158627	24060	9159	820	10
58015	34039	0.15732	24159	9050	830	10
58016	34039	0.15732	24183	9002	854	10
